# P18 Byte-to-Prime Character Map — Complete 256 entries
# byte_value → prime → lemniscate position → shape
# Right lobe (x>0) = 1,  Left lobe (x<0) = 0

   n  char  prime  r18  section        a          x          y  lobe 1bit
---------------------------------------------------------------------------
   1  \x01      2    2   GROUND      1.0      1.542      0.348     1    1
   2  \x02      3    3   GROUND      1.5      1.429      0.371     1    0
   3  \x03      5    5    LOGIC      2.5      0.780     -0.217     1    1
   4  \x04      7    7     DATA      3.5     -0.897     -1.220     0    0
   5  \x05     11   11  COMPARE      5.5     -1.981      1.916     0    1
   6  \x06     13   13    ARITH      6.5      0.427      0.564     1    0
   7  \x07     17   17   MEMORY      8.5      8.151     -2.446     1    1
   8  \x08     19    1  CONTROL      9.5      8.992      2.733     1    0
   9  \x09     23    5    LOGIC     11.5     -0.014     -0.998     0    1
  10  \x0a     29   11  COMPARE     14.5     -6.860      5.052     0    0
  11  \x0b     31   13    ARITH     15.5     -0.366      1.346     0    1
  12  \x0c     37    1  CONTROL     18.5     16.564      5.323     1    0
  13  \x0d     41    5    LOGIC     20.5     -0.807     -1.780     0    1
  14  \x0e     43    7     DATA     21.5    -10.655     -7.491     0    0
  15  \x0f     47   11  COMPARE     23.5    -11.739      8.188     0    1
  16  \x10     53   17   MEMORY     26.5     23.294     -7.625     1    0
  17  \x11     59    5    LOGIC     29.5     -1.601     -2.561     0    1
  18  \x12     61    7     DATA     30.5    -15.533    -10.627     0    0
  19  \x13     67   13    ARITH     33.5     -1.953      2.908     0    1
  20  \x14     71   17   MEMORY     35.5     30.865    -10.215     1    0
  21  \x15     73    1  CONTROL     36.5     31.707     10.502     1    1
  22  \x16     79    7     DATA     39.5    -20.412    -13.763     0    0
  23  \x17     83   11  COMPARE     41.5    -21.496     14.460     0    1
  24  \x18     89   17   MEMORY     44.5     38.437    -12.804     1    0
  25  \x19     97    7     DATA     48.5    -25.291    -16.899     0    1
  26  \x1a    101   11  COMPARE     50.5    -26.375     17.596     0    0
  27  \x1b    103   13    ARITH     51.5     -3.540      4.471     0    1
  28  \x1c    107   17   MEMORY     53.5     46.009    -15.394     1    0
  29  \x1d    109    1  CONTROL     54.5     46.850     15.682     1    1
  30  \x1e    113    5    LOGIC     56.5     -3.981     -4.905     0    0
  31  \x1f    127    1  CONTROL     63.5     54.421     18.271     1    1
  32          131    5    LOGIC     65.5     -4.774     -5.686     0    0
  33     !    137   11  COMPARE     68.5    -36.132     23.868     0    1
  34     "    139   13    ARITH     69.5     -5.127      6.034     0    0
  35     #    149    5    LOGIC     74.5     -5.567     -6.468     0    1
  36     $    151    7     DATA     75.5    -39.927    -26.307     0    0
  37     %    157   13    ARITH     78.5     -5.920      6.815     0    1
  38     &    163    1  CONTROL     81.5     69.564     23.450     1    0
  39     '    167    5    LOGIC     83.5     -6.361     -7.249     0    1
  40     (    173   11  COMPARE     86.5    -45.889     30.140     0    0
  41     )    179   17   MEMORY     89.5     76.295    -25.752     1    1
  42     *    181    1  CONTROL     90.5     77.136     26.040     1    0
  43     +    191   11  COMPARE     95.5    -50.768     33.276     0    1
  44     ,    193   13    ARITH     96.5     -7.507      8.378     0    0
  45     -    197   17   MEMORY     98.5     83.866    -28.342     1    1
  46     .    199    1  CONTROL     99.5     84.707     28.630     1    0
  47     /    211   13    ARITH    105.5     -8.300      9.159     0    1
  48     0    223    7     DATA    111.5    -59.441    -38.851     0    0
  49     1    227   11  COMPARE    113.5    -60.525     39.548     0    1
  50     2    229   13    ARITH    114.5     -9.094      9.940     0    0
  51     3    233   17   MEMORY    116.5     99.009    -33.521     1    1
  52     4    239    5    LOGIC    119.5     -9.534    -10.374     0    0
  53     5    241    7     DATA    120.5    -64.320    -41.987     0    1
  54     6    251   17   MEMORY    125.5    106.581    -36.111     1    0
  55     7    257    5    LOGIC    128.5    -10.328    -11.156     0    1
  56     8    263   11  COMPARE    131.5    -70.283     45.820     0    0
  57     9    269   17   MEMORY    134.5    114.152    -38.700     1    1
  58     :    271    1  CONTROL    135.5    114.994     38.988     1    0
  59     ;    277    7     DATA    138.5    -74.077    -48.259     0    1
  60     <    281   11  COMPARE    140.5    -75.161     48.956     0    0
  61     =    283   13    ARITH    141.5    -11.474     12.284     0    1
  62     >    293    5    LOGIC    146.5    -11.914    -12.718     0    0
  63     ?    307    1  CONTROL    153.5    130.137     44.167     1    1
  64     @    311    5    LOGIC    155.5    -12.708    -13.500     0    0
  65     A    313    7     DATA    156.5    -83.834    -54.531     0    1
  66     B    317   11  COMPARE    158.5    -84.919     55.227     0    0
  67     C    331    7     DATA    165.5    -88.713    -57.666     0    1
  68     D    337   13    ARITH    168.5    -13.854     14.628     0    0
  69     E    347    5    LOGIC    173.5    -14.295    -15.062     0    1
  70     F    349    7     DATA    174.5    -93.592    -60.802     0    0
  71     G    353   11  COMPARE    176.5    -94.676     61.499     0    1
  72     H    359   17   MEMORY    179.5    152.010    -51.648     1    0
  73     I    367    7     DATA    183.5    -98.470    -63.938     0    1
  74     J    373   13    ARITH    186.5    -15.441     16.191     0    0
  75     K    379    1  CONTROL    189.5    160.423     54.526     1    1
  76     L    383    5    LOGIC    191.5    -15.881    -16.625     0    0
  77     M    389   11  COMPARE    194.5   -104.433     67.771     0    1
  78     N    397    1  CONTROL    198.5    167.994     57.115     1    0
  79     O    401    5    LOGIC    200.5    -16.675    -17.406     0    1
  80     P    409   13    ARITH    204.5    -17.027     17.753     0    0
  81     Q    419    5    LOGIC    209.5    -17.468    -18.188     0    1
  82     R    421    7     DATA    210.5   -113.106    -73.346     0    0
  83     S    431   17   MEMORY    215.5    182.296    -62.007     1    1
  84     T    433    1  CONTROL    216.5    183.137     62.295     1    0
  85     U    439    7     DATA    219.5   -117.985    -76.482     0    1
  86     V    443   11  COMPARE    221.5   -119.069     77.179     0    0
  87     W    449   17   MEMORY    224.5    189.868    -64.597     1    1
  88     X    457    7     DATA    228.5   -122.864    -79.618     0    0
  89     Y    461   11  COMPARE    230.5   -123.948     80.315     0    1
  90     Z    463   13    ARITH    231.5    -19.407     20.097     0    0
  91     [    467   17   MEMORY    233.5    197.439    -67.186     1    1
  92     \    479   11  COMPARE    239.5   -128.826     83.451     0    0
  93     ]    487    1  CONTROL    243.5    205.852     70.064     1    1
  94     ^    491    5    LOGIC    245.5    -20.642    -21.313     0    0
  95     _    499   13    ARITH    249.5    -20.994     21.660     0    1
  96     `    503   17   MEMORY    251.5    212.582    -72.365     1    0
  97     a    509    5    LOGIC    254.5    -21.435    -22.094     0    1
  98     b    521   17   MEMORY    260.5    220.154    -74.955     1    0
  99     c    523    1  CONTROL    261.5    220.995     75.243     1    1
 100     d    541    1  CONTROL    270.5    228.567     77.832     1    0
 101     e    547    7     DATA    273.5   -147.257    -95.298     0    1
 102     f    557   17   MEMORY    278.5    235.297    -80.134     1    0
 103     g    563    5    LOGIC    281.5    -23.815    -24.438     0    1
 104     h    569   11  COMPARE    284.5   -153.220     99.131     0    0
 105     i    571   13    ARITH    285.5    -24.168     24.785     0    1
 106     j    577    1  CONTROL    288.5    243.710     83.012     1    0
 107     k    587   11  COMPARE    293.5   -158.098    102.266     0    1
 108     l    593   17   MEMORY    296.5    250.440    -85.313     1    0
 109     m    599    5    LOGIC    299.5    -25.402    -26.001     0    1
 110     n    601    7     DATA    300.5   -161.893   -104.706     0    0
 111     o    607   13    ARITH    303.5    -25.754     26.348     0    1
 112     p    613    1  CONTROL    306.5    258.853     88.191     1    0
 113     q    617    5    LOGIC    308.5    -26.195    -26.782     0    1
 114     r    619    7     DATA    309.5   -166.772   -107.841     0    0
 115     s    631    1  CONTROL    315.5    266.424     90.780     1    1
 116     t    641   11  COMPARE    320.5   -172.734    111.674     0    0
 117     u    643   13    ARITH    321.5    -27.341     27.911     0    1
 118     v    647   17   MEMORY    323.5    273.155    -93.082     1    0
 119     w    653    5    LOGIC    326.5    -27.782    -28.345     0    1
 120     x    659   11  COMPARE    329.5   -177.613    114.810     0    0
 121     y    661   13    ARITH    330.5    -28.135     28.692     0    1
 122     z    673    7     DATA    336.5   -181.408   -117.249     0    0
 123     {    677   11  COMPARE    338.5   -182.492    117.946     0    1
 124     |    683   17   MEMORY    341.5    288.298    -98.262     1    0
 125     }    691    7     DATA    345.5   -186.286   -120.385     0    1
 126     ~    701   17   MEMORY    350.5    295.869   -100.851     1    0
 127  \x7f    709    7     DATA    354.5   -191.165   -123.521     0    1
 128  \x80    719   17   MEMORY    359.5    303.441   -103.441     1    0
 129  \x81    727    7     DATA    363.5   -196.044   -126.657     0    1
 130  \x82    733   13    ARITH    366.5    -31.308     31.817     0    0
 131  \x83    739    1  CONTROL    369.5    311.853    106.318     1    1
 132  \x84    743    5    LOGIC    371.5    -31.749    -32.251     0    0
 133  \x85    751   13    ARITH    375.5    -32.102     32.599     0    1
 134  \x86    757    1  CONTROL    378.5    319.425    108.908     1    0
 135  \x87    761    5    LOGIC    380.5    -32.542    -33.033     0    1
 136  \x88    769   13    ARITH    384.5    -32.895     33.380     0    0
 137  \x89    773   17   MEMORY    386.5    326.155   -111.210     1    1
 138  \x8a    787   13    ARITH    393.5    -33.688     34.161     0    0
 139  \x8b    797    5    LOGIC    398.5    -34.129    -34.595     0    1
 140  \x8c    809   17   MEMORY    404.5    341.298   -116.389     1    0
 141  \x8d    811    1  CONTROL    405.5    342.140    116.677     1    1
 142  \x8e    821   11  COMPARE    410.5   -221.521    143.034     0    0
 143  \x8f    823   13    ARITH    411.5    -35.275     35.724     0    1
 144  \x90    827   17   MEMORY    413.5    348.870   -118.978     1    0
 145  \x91    829    1  CONTROL    414.5    349.711    119.266     1    1
 146  \x92    839   11  COMPARE    419.5   -226.400    146.170     0    0
 147  \x93    853    7     DATA    426.5   -230.194   -148.609     0    1
 148  \x94    857   11  COMPARE    428.5   -231.278    149.306     0    0
 149  \x95    859   13    ARITH    429.5    -36.862     37.287     0    1
 150  \x96    863   17   MEMORY    431.5    364.013   -124.158     1    0
 151  \x97    877   13    ARITH    438.5    -37.655     38.068     0    1
 152  \x98    881   17   MEMORY    440.5    371.584   -126.747     1    0
 153  \x99    883    1  CONTROL    441.5    372.426    127.035     1    1
 154  \x9a    887    5    LOGIC    443.5    -38.096    -38.502     0    0
 155  \x9b    907    7     DATA    453.5   -244.830   -158.017     0    1
 156  \x9c    911   11  COMPARE    455.5   -245.914    158.713     0    0
 157  \x9d    919    1  CONTROL    459.5    387.569    132.214     1    1
 158  \x9e    929   11  COMPARE    464.5   -250.793    161.849     0    0
 159  \x9f    937    1  CONTROL    468.5    395.140    134.804     1    1
 160  \xa0    941    5    LOGIC    470.5    -40.476    -40.846     0    0
 161  \xa1    947   11  COMPARE    473.5   -255.672    164.985     0    1
 162  \xa2    953   17   MEMORY    476.5    401.871   -137.106     1    0
 163  \xa3    967   13    ARITH    483.5    -41.622     41.975     0    1
 164  \xa4    971   17   MEMORY    485.5    409.442   -139.695     1    0
 165  \xa5    977    5    LOGIC    488.5    -42.063    -42.409     0    1
 166  \xa6    983   11  COMPARE    491.5   -265.429    171.257     0    0
 167  \xa7    991    1  CONTROL    495.5    417.855    142.573     1    1
 168  \xa8    997    7     DATA    498.5   -269.223   -173.696     0    0
 169  \xa9   1009    1  CONTROL    504.5    425.426    145.162     1    1
 170  \xaa   1013    5    LOGIC    506.5    -43.650    -43.971     0    0
 171  \xab   1019   11  COMPARE    509.5   -275.186    177.529     0    1
 172  \xac   1021   13    ARITH    510.5    -44.002     44.319     0    0
 173  \xad   1031    5    LOGIC    515.5    -44.443    -44.753     0    1
 174  \xae   1033    7     DATA    516.5   -278.981   -179.968     0    0
 175  \xaf   1039   13    ARITH    519.5    -44.796     45.100     0    1
 176  \xb0   1049    5    LOGIC    524.5    -45.236    -45.534     0    0
 177  \xb1   1051    7     DATA    525.5   -283.859   -183.104     0    1
 178  \xb2   1061   17   MEMORY    530.5    447.300   -152.644     1    0
 179  \xb3   1063    1  CONTROL    531.5    448.141    152.931     1    1
 180  \xb4   1069    7     DATA    534.5   -288.738   -186.240     0    0
 181  \xb5   1087    7     DATA    543.5   -293.617   -189.376     0    1
 182  \xb6   1091   11  COMPARE    545.5   -294.701    190.073     0    0
 183  \xb7   1093   13    ARITH    546.5    -47.176     47.444     0    1
 184  \xb8   1097   17   MEMORY    548.5    462.443   -157.823     1    0
 185  \xb9   1103    5    LOGIC    551.5    -47.616    -47.878     0    1
 186  \xba   1109   11  COMPARE    554.5   -299.579    193.209     0    0
 187  \xbb   1117    1  CONTROL    558.5    470.856    160.700     1    1
 188  \xbc   1123    7     DATA    561.5   -303.374   -195.648     0    0
 189  \xbd   1129   13    ARITH    564.5    -48.762     49.006     0    1
 190  \xbe   1151   17   MEMORY    575.5    485.157   -165.592     1    0
 191  \xbf   1153    1  CONTROL    576.5    485.999    165.879     1    1
 192  \xc0   1163   11  COMPARE    581.5   -314.215    202.617     0    0
 193  \xc1   1171    1  CONTROL    585.5    493.570    168.469     1    1
 194  \xc2   1181   11  COMPARE    590.5   -319.094    205.753     0    0
 195  \xc3   1187   17   MEMORY    593.5    500.301   -170.771     1    1
 196  \xc4   1193    5    LOGIC    596.5    -51.583    -51.785     0    0
 197  \xc5   1201   13    ARITH    600.5    -51.936     52.132     0    1
 198  \xc6   1213    7     DATA    606.5   -327.767   -211.328     0    0
 199  \xc7   1217   11  COMPARE    608.5   -328.851    212.024     0    1
 200  \xc8   1223   17   MEMORY    611.5    515.444   -175.950     1    0
 201  \xc9   1229    5    LOGIC    614.5    -53.170    -53.347     0    1
 202  \xca   1231    7     DATA    615.5   -332.646   -214.463     0    0
 203  \xcb   1237   13    ARITH    618.5    -53.523     53.694     0    1
 204  \xcc   1249    7     DATA    624.5   -337.525   -217.599     0    0
 205  \xcd   1259   17   MEMORY    629.5    530.587   -181.129     1    1
 206  \xce   1277   17   MEMORY    638.5    538.158   -183.719     1    0
 207  \xcf   1279    1  CONTROL    639.5    538.999    184.007     1    1
 208  \xd0   1283    5    LOGIC    641.5    -55.550    -55.691     0    0
 209  \xd1   1289   11  COMPARE    644.5   -348.366    224.568     0    1
 210  \xd2   1291   13    ARITH    645.5    -55.903     56.038     0    0
 211  \xd3   1297    1  CONTROL    648.5    546.571    186.596     1    1
 212  \xd4   1301    5    LOGIC    650.5    -56.344    -56.472     0    0
 213  \xd5   1303    7     DATA    651.5   -352.161   -227.007     0    1
 214  \xd6   1307   11  COMPARE    653.5   -353.245    227.704     0    0
 215  \xd7   1319    5    LOGIC    659.5    -57.137    -57.254     0    1
 216  \xd8   1321    7     DATA    660.5   -357.039   -230.143     0    0
 217  \xd9   1327   13    ARITH    663.5    -57.490     57.601     0    1
 218  \xda   1361   11  COMPARE    680.5   -367.881    237.112     0    0
 219  \xdb   1367   17   MEMORY    683.5    576.016   -196.667     1    1
 220  \xdc   1373    5    LOGIC    686.5    -59.517    -59.598     0    0
 221  \xdd   1381   13    ARITH    690.5    -59.870     59.945     0    1
 222  \xde   1399   13    ARITH    699.5    -60.663     60.726     0    0
 223  \xdf   1409    5    LOGIC    704.5    -61.104    -61.160     0    1
 224  \xe0   1423    1  CONTROL    711.5    599.572    204.724     1    0
 225  \xe1   1427    5    LOGIC    713.5    -61.897    -61.942     0    1
 226  \xe2   1429    7     DATA    714.5   -386.311   -248.959     0    0
 227  \xe3   1433   11  COMPARE    716.5   -387.395    249.656     0    1
 228  \xe4   1439   17   MEMORY    719.5    606.302   -207.025     1    0
 229  \xe5   1447    7     DATA    723.5   -391.190   -252.095     0    1
 230  \xe6   1451   11  COMPARE    725.5   -392.274    252.792     0    0
 231  \xe7   1453   13    ARITH    726.5    -63.043     63.070     0    1
 232  \xe8   1459    1  CONTROL    729.5    614.715    209.903     1    0
 233  \xe9   1471   13    ARITH    735.5    -63.837     63.852     0    1
 234  \xea   1481    5    LOGIC    740.5    -64.277    -64.286     0    0
 235  \xeb   1483    7     DATA    741.5   -400.947   -258.367     0    1
 236  \xec   1487   11  COMPARE    743.5   -402.031    259.063     0    0
 237  \xed   1489   13    ARITH    744.5    -64.630     64.633     0    1
 238  \xee   1493   17   MEMORY    746.5    629.017   -214.794     1    0
 239  \xef   1499    5    LOGIC    749.5    -65.071    -65.067     0    1
 240  \xf0   1511   17   MEMORY    755.5    636.588   -217.384     1    0
 241  \xf1   1523   11  COMPARE    761.5   -411.789    265.335     0    1
 242  \xf2   1531    1  CONTROL    765.5    645.001    220.261     1    0
 243  \xf3   1543   13    ARITH    771.5    -67.010     66.977     0    1
 244  \xf4   1549    1  CONTROL    774.5    652.572    222.851     1    0
 245  \xf5   1553    5    LOGIC    776.5    -67.451    -67.411     0    1
 246  \xf6   1559   11  COMPARE    779.5   -421.546    271.607     0    0
 247  \xf7   1567    1  CONTROL    783.5    660.144    225.441     1    1
 248  \xf8   1571    5    LOGIC    785.5    -68.244    -68.192     0    0
 249  \xf9   1579   13    ARITH    789.5    -68.597     68.540     0    1
 250  \xfa   1583   17   MEMORY    791.5    666.874   -227.742     1    0
 251  \xfb   1597   13    ARITH    798.5    -69.390     69.321     0    1
 252  \xfc   1601   17   MEMORY    800.5    674.446   -230.332     1    0
 253  \xfd   1607    5    LOGIC    803.5    -69.831    -69.755     0    1
 254  \xfe   1609    7     DATA    804.5   -435.098   -280.318     0    0
 255  \xff   1613   11  COMPARE    806.5   -436.182    281.015     0    1
 256 \x100   1619   17   MEMORY    809.5    682.017   -232.922     1    0